00101
00102
00103
00104
00105
00106
00107
00108
00201
00202
00203
00204
00205
00206
00207
00208
00301
00302
00303
00304
00401
00402
00403
00404
00405
00406
00407
00408
00501
00502
00503
00504
00505
00506
00507
00508
00509
00510
00601
00602
00711
00712
00713
00714
00715
00716
00717
00718
00811
00812
00813
00814
00815
00816
00817
00818
00901
00902
00911
00912
00913
00914
00915
00916
00917
00918
00919
00920
01001
01002
01101
01102
01211
01212
01213
01214
01215
01216
01217
01218
01221
01222
01223
01224
01225
01226
01227
01228
01229
01230
01231
01232
01233
01234
01235
01236
01301
01302
01303
01304
01305
01306
01307
01308
01309
01310
01401
01402
01403
01404
01405
01406
01411
01412
01413
01414
01415
01416
01417
01418
01419
01420
01421
01422
01423
01424
01425
01426
01427
01428
01429
01430
01501
01502
01503
01504
01505
01506
01507
01508
01513
01514
01515
01516
01517
01518
01519
01520
01601
01602
01603
01604
01605
01606
01701
01702
01703
01704
01705
01706
01801
01802
01803
01804
01901
01902
01903
01904
02001
02002
02003
02004
02005
02006
02007
02008
02009
02010
02011
02012
02013
02014
02015
02016
02017
02018
02019
02020
02021
02022
02023
02024
02101
02102
02103
02104
02105
02106
02107
02108
02109
02110
02111
02112
02201
02202
02203
02204
02301
02302
02303
02304
02401
02402
02403
02501
02502
02503
02601
02602
02603
02604
02605
02606
02607
02608
02701
02702
02703
02704
02801
02802
02803
02804
02805
02806
02901
02902
02903
02904
02905
02906
03001
03002
03003
03004
03005
03006
031
032
03301
03302
03401
03402
03501
03502
03601
03602
03603
03604
03605
03701
03702
03703
03704
03705
03706
03707
03711
03712
03801
03802
03901
03902
03903
03904
03905
03906
04001
04002
04003
04004
04011
04012
04013
04101
04102
04103
04104
04111
04112
04113
04201
04203
04204
04205
04206
04207
04208
04209
04210
04211
04301
04302
04401
04402
04403
04404
04501
04502
04503
04504
04601
04602
04701
04702
04801
04802
04901
04902
05001
05002
052
05301
05302
05401
05402
05501
05502
05503
05504
05505
05506
05507
05508
05601
05602
06303
06304
06305
06306
06307
06308
06309
06310
065
067
068
070
072
07301
07302
07303
07304
07401
07402
07501
07502
07503
07504
07505
07506
07507
07508
07601
07602
07603
07701
07702
07703
07801
07802
07803
07901
07902
07903
07904
07905
07906
07907
08001
08002
08003
08004
08005
08006
08007
08101
08102
08103
08104
08105
08106
08107
08108
08109
08111
08112
08113
08114
082
08301
08302
08303
08401
08402
08403
085
086
08701
08702
08703
08704
08705
08706
08801
08802
08901
08902
09001
09002
09101
09102
092
093
094
095
09601
09602
09701
09702
09801
09802
09803
09804
09901
09902
09903
09904
09905
09906
09907
10001
10002
10003
10004
10005
10006
10007
10101
10102
10103
10104
10105
10106
10107
10201
10202
10203
10204
10205
10206
10207
10401
10402
10403
10404
10405
10406
10407
10408
10409
10410
10501
10502
10503
10504
10505
10506
10507
10508
10509
10510
10601
10602
10603
10604
10611
10612
10613
10614
10615
10616
10621
10622
10623
10624
10625
10626
10701
10702
10801
10802
10901
10902
11001
11002
11003
11004
11005
11006
11007
11008
11101
11102
11103
11104
11105
11106
11107
11108
11201
11202
11203
11204
11301
11302
11303
11304
11305
11306
11401
11402
11501
11502
11503
11504
11601
11602
11603
11604
11605
11606
11701
11702
11801
11802
11803
11804
11901
11902
12001
12002
12101
12102
12201
12202
124
125
12601
12602
12603
12702
12703
12704
12705
12706
12707
12708
12709
12710
12711
12712
12713
12801
12802
12901
12902
12903
12904
12905
12906
13001
13002
13003
13004
13101
13102
13103
13104
132
133
13401
13402
135
136
13701
13702
13703
13704
13705
13706
13801
13802
13803
13804
13805
13901
13902
13903
13904
13905
14001
14002
14101
14102
14201
14202
143
14401
14402
14403
14501
14502
14503
14601
14602
14701
14702
14801
14802
14803
14804
14805
14806
14807
14901
14902
14903
14904
14905
14906
14907
150
151
152
153
15401
15402
15403
15404
15405
15406
15407
15408
15501
15502
15503
15504
15505
15506
15507
15508
15601
15602
15603
15604
15605
15606
15607
15608
15701
15702
15801
15802
159
160
16101
16102
16201
16202
16301
16302
16303
16304
16305
16306
16401
16402
16501
16502
16601
16602
16701
16702
168
169
170
171
17201
17202
17203
17301
17302
17303
17401
17402
17403
17404
17405
17406
17407
17408
17501
17502
17503
17504
17505
17506
17507
17601
17602
17603
17604
177
178
17911
17912
17913
17914
17915
17916
17917
17918
17919
17920
17921
17922
17931
17932
17933
17934
17935
17936
17937
17938
17939
17940
17941
17942
18001
18002
18003
18101
18102
18103
182
183
18401
18402
18403
18404
18405
18406
18501
18502
18601
18602
18603
18604
18605
18606
18701
18702
18703
18704
18705
18706
18801
18802
18803
18804
18805
18806
18807
18808
18901
18902
18903
18904
18905
18906
18907
18908
19001
19002
19003
19004
19005
19006
19007
19008
19009
19010
19011
19012
19013
19014
19015
19016
191
192
19301
19302
19303
19401
19402
19403
195
196
197
198
199
20001
20002
20101
20102
20201
20202
20203
20204
20205
20206
20207
20208
20209
20210
20301
20302
20401
20402
20403
20404
20405
20406
20407
20408
20409
20410
20411
20412
20413
20414
20415
20416
20417
20418
20501
20502
20503
20504
20505
20506
20507
20508
20509
20510
20511
20512
20513
20514
20701
20702
20703
20704
20705
20706
20801
20802
20803
20806
20901
20902
20903
20904
20905
20906
20907
20908
20909
21001
21002
21003
21011
21012
21013
21101
21102
21103
21111
21112
21113
21201
21202
21203
21204
21205
21206
21211
21212
21213
21214
21301
21302
21303
21304
21305
21306
21601
21602
21701
21702
21703
21704
21801
21802
21803
21804
21811
21812
21813
21814
21901
21902
21903
21904
21911
21912
21913
21914
22001
22002
22003
22004
22005
22006
22007
22008
22011
22012
22013
22014
22015
22016
22017
22018
22301
22302
22401
22402
22403
22404
22405
22406
22407
22408
22501
22502
22503
22504
22505
22506
22507
22508
22601
22602
22701
22702
22801
22802
22803
22804
22805
22806
22901
22902
22903
22904
22905
22906
23001
23002
23005
23006
23007
23008
23009
23010
23101
23102
23201
23202
23301
23302
23401
23402
23403
23404
23405
23406
23407
23408
23501
23502
23503
23504
23601
23602
23701
23702
23801
23802
23803
23804
23805
23806
23901
23902
24001
24002
24003
24004
24005
24006
24007
24101
24102
24103
24104
24105
24106
24107
24201
24202
24203
24204
24205
24206
24301
24302
24303
24304
24305
244
245
24601
24602
24701
24702
24801
24802
24803
24901
24902
24903
24904
250
251
252
253
254
255
25601
25602
25603
25604
25605
25606
25701
25702
25801
25802
259
260
26101
26102
26201
26202
26301
26302
26303
26401
26402
26403
26501
26502
26503
26601
26602
26603
26701
26702
26801
26802
269
270
27101
27102
27201
27202
27204
27205
27206
27301
27302
27304
27305
27306
274
275
27601
27602
277
278
27901
27902
280
281
282
28301
28302
28401
28402
28501
28502
28503
28601
28602
28603
28604
28701
28702
28703
28704
28705
28706
28707
28708
28801
28802
28901
28902
290
29101
29102
29201
29202
29203
29302
29303
29401
29402
29403
29501
29502
29503
29504
29601
29602
29603
29701
29702
29801
29802
29803
29804
29805
29806
29901
29902
29903
29904
29905
29906
29907
29908
30001
30002
30101
30102
30201
30202
30301
30302
30303
30304
304
305
306
307
308
309
31001
31002
31003
31004
31005
31006
31007
31102
31104
31105
31106
31107
31201
31202
31301
31302
31401
31402
31501
31502
31601
31602
31603
31604
31605
31606
31607
31608
317
318
319
320
321
32201
32202
32203
32204
32301
32302
32401
32402
325
326
32701
32702
328
329
33001
33002
33101
33102
33103
33104
33105
33106
33107
33201
33202
33203
33204
33205
33206
33207
33301
33302
33303
33304
33305
33306
33307
33308
33309
33310
33311
33312
33313
33314
334
335
33601
33602
33603
33604
33701
33702
33703
33704
338
33901
33902
34001
34002
34101
34102
34103
34104
34201
34202
34301
34302
344
34501
34502
346
347
348
349
35001
35002
35201
35202
35203
35204
35205
35301
35302
35601
35602
35603
35604
35605
35606
35607
35608
35801
35802
35803
35804
35805
35806
35807
35808
35901
35902
35903
35904
35905
35906
35907
35908
36001
36002
36101
36102
363
364
36501
36502
36604
36704
36801
36802
36901
36902
370
371
372
37301
37302
37303
37304
37305
37306
37401
37402
37501
37502
37601
37602
37603
37604
37605
37701
37702
37703
37704
37705
37801
37802
37803
37804
37901
37902
37903
37904
37905
38001
38002
38101
38102
38201
38202
38301
38302
38401
38402
39201
39202
39301
39302
39401
39402
39501
39502
39503
39504
39505
39506
39507
39508
39509
39510
39511
39512
39601
39602
39603
39604
39605
39606
39607
39608
39609
39610
39611
39612
39701
39702
39703
39704
39705
39706
39707
39708
39709
39710
39711
39712
39802
39803
39804
39805
39806
39807
39808
39809
39810
39811
39812
39813
39814
39815
39902
39903
39904
39905
39906
39907
39908
39909
39910
39911
39912
39913
39914
39915
40001
40002
401
402
40301
40401
40601
40602
40701
40702
40801
40802
41101
41102
412
413
414
41601
41602
41603
41701
41702
41703
41801
41802
41803
41804
419
420
42101
42102
42201
42202
42301
42302
42303
42304
42305
42306
42307
42308
43901
43902
44001
44002
44101
44102
44103
44104
44105
44106
442
443
444
445
44601
44602
44701
44702
44801
44802
44901
44902
45001
45002
45101
45102
45103
45104
452
453
454
455
46201
46202
46203
46204
46205
46206
46207
46208
46209
46210
46211
46212
463
464
465
46601
46602
46701
46702
46703
46704
47101
47102
47103
47501
47502
47503
47504
47801
47802
47803
47804
47805
47806
47807
47901
47902
47903
47904
47905
47906
47907
48401
48402
48501
48502
48601
48602
49101
49102
49201
49202
49301
49302
49401
49402
49601
49602
49701
49702
49703
49704
49801
49802
49803
49804
49901
49902
50001
50002
50101
50102
50201
50202
50301
50302
50303
50304
50401
50402
50403
50404
50405
50501
50502
50503
50504
50505
50601
50602
50603
50604
50605
50606
50701
50702
50703
50704
50705
50801
50802
50803
50804
50901
50902
50903
50904
51001
51002
51003
51004
51101
51102
51103
51104
513
52001
52002
52003
52004
521
N0101
N03
N05
N06
N07
N08
N09
N10
N11
N12
N13
N16
